1512 0,348072
923 0,183554
1400 0,397061
631 0,206111
137 0,025445
1140 0,373513
834 0,175513
413 0,084737
1221 0,309497
1401 0,334167
513 0,114693
512 0,177529
1568 0,468796
1419 0,348784
342 0,062873
211 0,037935
537 0,113694
1437 0,342403
13 0,00299
483 0,10967
253 0,048094
793 0,182513
1468 0,322141
689 0,130679
990 0,239364
754 0,147128
711 0,134187
973 0,217425
1385 0,309175
235 0,041887
151 0,030913
1747 0,386689
1239 0,26928
342 0,071808
1123 0,250357
588 0,131276
102 0,022939
1262 0,298558
693 0,148613
1579 0,371019
1078 0,265889
733 0,142582
1539 0,356756
688 0,151797
679 0,147606
343 0,104661
404 0,086768
302 0,062849
897 0,192507
649 0,139553
19 0,007096
195 0,039931
1462 0,389944
1275 0,288187
1377 0,316648
1553 0,354089
1700 0,407944
765 0,15754
1094 0,247877
884 0,173538
1056 0,241395
219 0,049864
1245 0,276269
818 0,160603
1392 0,308508
1056 0,230384
1629 0,392949
1639 0,374674
936 0,200463
180 0,041889
410 0,081829
1247 0,302201
432 0,086766
804 0,17456
1351 0,325131
1532 0,384992
1290 0,302197
322 0,064788
516 0,10775
75 0,01695
475 0,093794
525 0,103762
50 0,010128
598 0,116699
1283 0,33632
793 0,158087
572 0,106711
654 0,143368
1630 0,394454
1261 0,293395
753 0,161082
1139 0,259315
923 0,204495
541 0,109708
1589 0,401505
1702 0,415491
1497 0,359991
689 0,143618
129 0,023897
163 0,032888
750 0,152591
1435 0,393461
1588 0,385008
740 0,172536
272 0,051864
354 0,0669
588 0,111964
801 0,210881
890 0,204454
733 0,134513
767 0,171542
1705 0,417937
1399 0,343081
552 0,129649
945 0,196506
1349 0,300231
1215 0,287165
728 0,145651
362 0,065783
1468 0,35605
1215 0,261559
398 0,074761
1006 0,228387
1372 0,31264
46 0,009974
693 0,158072
407 0,085399
1076 0,220554
1012 0,218418
439 0,10073
460 0,097775
1510 0,367019
1325 0,308537
1056 0,237359
1454 0,367019
1572 0,40942
720 0,170354
957 0,187548
1455 0,362588
262 0,047911
189 0,03993
192 0,048833
1017 0,209922
403 0,080552
592 0,130651
1406 0,313122
1037 0,237357
1543 0,343737
1203 0,265325
983 0,249854
802 0,159088
1343 0,334104
1280 0,286235
680 0,130651
523 0,109706
1573 0,368617
479 0,085387
587 0,122393
1312 0,296158
500 0,088722
127 0,021979
712 0,138665
588 0,128654
12 0,002957
1366 0,295455
1241 0,2992
632 0,133719
803 0,159192
11 0,00196
1638 0,453731
229 0,053814
265 0,048861
120 0,021982
55 0,011967
137 0,030961
935 0,210473
611 0,125652
1284 0,302077
257 0,048397
226 0,043883
826 0,182636
539 0,120676
1579 0,363612
1513 0,374159
240 0,046868
917 0,217926
706 0,155584
1781 0,45829
1084 0,235368
1073 0,234034
746 0,150556
388 0,089765
1506 0,375993
612 0,130196
1656 0,437346
1198 0,281284
529 0,117643
368 0,075839
1243 0,284833
648 0,120676
1207 0,308426
