0,0150887 0,122836 1 0,198146 0 0 0 0 0 0 202 ++
0,00466105 0,0682719 2 -0,50908 0,109097 0 0 0 0 0 138 ++
0,000430895 0,020758 2 -0,017152 0 0,000249929 0 0 0 0 140 --
0,000398237 0,0199559 3 0,0464774 -0,0126357 0,000271152 0 0 0 0 329 --
0,000378065 0,0194439 3 0,0105276 0 -9,93148e-005 4,57072e-005 0 0 0 320 --
0,000376943 0,019415 4 -0,0188589 0,00847121 -0,000280949 6,7616e-005 0 0 0 625 --
0,000768168 0,0277159 3 -0,06164 0 0,000335374 0 -3,60199e-008 0 0 163 **
0,000496734 0,0222875 4 -0,0649477 0 0,00162894 -0,000219569 1,74615e-007 0 0 310 --
0,00037877 0,019462 5 -0,0136646 0,00626163 -0,000153475 4,91527e-005 9,90772e-009 0 0 1121 --
0,000638702 0,0252726 4 -0,0638305 0 0,000453291 0 -2,60776e-007 9,78855e-011 0 313 --
0,00040071 0,0200178 5 -0,0967352 0,0263066 -2,16448e-005 0 2,16554e-007 -5,49964e-011 0 583 **
0,000436241 0,0208864 5 -0,0673244 0 0,00285688 -0,000459117 7,61594e-007 -1,56671e-010 0 586 **
0,000395224 0,0198802 6 -0,113813 0,0428561 -0,00205535 0,000330499 -2,13774e-007 3,02747e-011 0 1089 --
0,000518534 0,0227713 5 -0,0653575 0 0,000660751 0 -9,47358e-007 7,75568e-010 -2,05756e-013 510 **
0,000431347 0,0207689 6 -0,0688975 0 0,00367787 -0,000636556 1,52345e-006 -6,20263e-010 1,11379e-013 989 --
0,00038465 0,0196125 7 -0,138476 0,0687527 -0,0065552 0,00113784 -2,21281e-006 9,99363e-010 -2,05486e-013 1520 **
